{
 "cells": [
  {
   "cell_type": "code",
   "execution_count": 13,
   "id": "b0461f03",
   "metadata": {},
   "outputs": [],
   "source": [
    "import numpy as np\n",
    "\n",
    "X1 = np.array([[0, 2], [1, 1], [2, 0]]).T\n",
    "x = [-2.1, -1,  4.3]\n",
    "y = [3,  1.1,  0.12]\n",
    "X2 = np.stack((x, y), axis=0)\n",
    "\n",
    "X3  = np.array([[0.77395605, 0.43887844, 0.85859792],\n",
    "       [0.69736803, 0.09417735, 0.97562235],\n",
    "       [0.7611397 , 0.78606431, 0.12811363]])\n",
    "       \n",
    "X4 = np.array([[0.45038594, 0.37079802, 0.92676499],\n",
    "       [0.64386512, 0.82276161, 0.4434142 ],\n",
    "       [0.22723872, 0.55458479, 0.06381726]])"
   ]
  },
  {
   "cell_type": "code",
   "execution_count": 14,
   "id": "cb700057",
   "metadata": {},
   "outputs": [],
   "source": [
    "def my_cov(m):\n",
    "    means = np.mean(m, axis=1)\n",
    "    sub_mean = m - means[:, None]\n",
    "    prod = sub_mean@sub_mean.T\n",
    "    prod_norm = prod / (m.shape[1]-1)\n",
    "    return prod_norm\n",
    "\n",
    "def my_corrcoef(m):\n",
    "    C = my_cov(m)\n",
    "    diag = np.diag(C)[:, None]\n",
    "    denom = np.sqrt(diag@diag.T)\n",
    "    corrcoef = np.divide(C, denom)\n",
    "    return corrcoef"
   ]
  },
  {
   "cell_type": "code",
   "execution_count": 15,
   "id": "f0d609f8",
   "metadata": {},
   "outputs": [
    {
     "name": "stdout",
     "output_type": "stream",
     "text": [
      "Numpy cov(): \n",
      " [[ 1. -1.]\n",
      " [-1.  1.]]\n",
      "My cov(): \n",
      " [[ 1. -1.]\n",
      " [-1.  1.]]\n",
      "Numpy cov(): \n",
      " [[11.71       -4.286     ]\n",
      " [-4.286       2.14413333]]\n",
      "My cov(): \n",
      " [[11.71       -4.286     ]\n",
      " [-4.286       2.14413333]]\n",
      "Numpy corrcoef(): \n",
      " [[ 1.          0.99256089 -0.68080987]\n",
      " [ 0.99256089  1.         -0.76492173]\n",
      " [-0.68080987 -0.76492173  1.        ]]\n",
      "My corrcoef(): \n",
      " [[ 1.          0.99256089 -0.68080987]\n",
      " [ 0.99256089  1.         -0.76492173]\n",
      " [-0.68080987 -0.76492173  1.        ]]\n",
      "Numpy corrcoef(): \n",
      " [[ 1.         -0.93657855 -0.83571711]\n",
      " [-0.93657855  1.          0.97517215]\n",
      " [-0.83571711  0.97517215  1.        ]]\n",
      "My corrcoef(): \n",
      " [[ 1.         -0.93657855 -0.83571711]\n",
      " [-0.93657855  1.          0.97517215]\n",
      " [-0.83571711  0.97517215  1.        ]]\n"
     ]
    }
   ],
   "source": [
    "print(f\"Numpy cov(): \\n {np.cov(X1)}\")\n",
    "print(f\"My cov(): \\n {my_cov(X1)}\")\n",
    "\n",
    "print(f\"Numpy cov(): \\n {np.cov(X2)}\")\n",
    "print(f\"My cov(): \\n {my_cov(X2)}\")\n",
    "\n",
    "print(f\"Numpy corrcoef(): \\n {np.corrcoef(X3)}\")\n",
    "print(f\"My corrcoef(): \\n {my_corrcoef(X3)}\")\n",
    "\n",
    "print(f\"Numpy corrcoef(): \\n {np.corrcoef(X4)}\")\n",
    "print(f\"My corrcoef(): \\n {my_corrcoef(X4)}\")"
   ]
  },
  {
   "cell_type": "code",
   "execution_count": 16,
   "id": "e5b0c0be",
   "metadata": {},
   "outputs": [
    {
     "data": {
      "text/plain": [
       "array([[0, 1, 2],\n",
       "       [2, 1, 0]])"
      ]
     },
     "execution_count": 16,
     "metadata": {},
     "output_type": "execute_result"
    }
   ],
   "source": [
    "X1"
   ]
  }
 ],
 "metadata": {
  "kernelspec": {
   "display_name": "base",
   "language": "python",
   "name": "python3"
  },
  "language_info": {
   "codemirror_mode": {
    "name": "ipython",
    "version": 3
   },
   "file_extension": ".py",
   "mimetype": "text/x-python",
   "name": "python",
   "nbconvert_exporter": "python",
   "pygments_lexer": "ipython3",
   "version": "3.12.11"
  }
 },
 "nbformat": 4,
 "nbformat_minor": 5
}
